6
0 39 86 33 44 65
39 0 69 45 84 67
86 69 0 58 119 38
33 45 58 0 61 44
44 84 119 61 0 87
65 67 38 44 87 0